0 0
1 9993
2 19983
3 29968
4 39854
5 49634
6 59275
7 68840
8 78311
9 87703
10 97018
11 106234
12 115377
13 124400
14 133338
15 142183
16 150913
17 159552
18 168101
19 176569
20 184949
21 193243
22 201443
23 209578
24 217626
25 225563
26 233428
27 241209
28 248905
29 256507
30 264038
31 271497
32 278899
33 286239
34 293516
35 300743
36 307898
37 314991
38 322024
39 328998
40 335921
41 342773
42 349551
43 356274
44 362926
45 369494
46 376021
47 382486
48 388896
49 395244
50 401544
51 407795
52 414001
53 420148
54 426233
55 432266
56 438245
57 444182
58 450074
59 455919
60 461718
61 467472
62 473183
63 478855
64 484489
65 490075
66 495610
67 501098
68 506545
69 511962
70 517336
71 522658
72 527941
73 533182
74 538380
75 543537
76 548657
77 553732
78 558778
79 563792
80 568767
81 573698
82 578591
83 583437
84 588239
85 592998
86 597717
87 602404
88 607056
89 611674
90 616259
91 620806
92 625310
93 629778
94 634207
95 638606
96 642964
97 647291
98 651587
99 655855
100 660093
101 664304
102 668484
103 672632
104 676760
105 680855
106 684929
107 688977
108 693002
109 696994
110 700953
111 704886
112 708792
113 712674
114 716527
115 720359
116 724162
117 727944
118 731702
119 735429
120 739119
121 742785
122 746424
123 750043
124 753640
125 757212
126 760761
127 764282
128 767785
129 771266
130 774730
131 778172
132 781595
133 784996
134 788373
135 791733
136 795075
137 798394
138 801695
139 804976
140 808226
141 811454
142 814661
143 817848
144 821016
145 824165
146 827295
147 830403
148 833498
149 836577
150 839628
151 842659
152 845667
153 848659
154 851638
155 854600
156 857548
157 860481
158 863394
159 866286
160 869157
161 872011
162 874842
163 877655
164 880454
165 883233
166 885990
167 888728
168 891451
169 894157
170 896851
171 899527
172 902189
173 904831
174 907457
175 910068
176 912667
177 915247
178 917811
179 920361
180 922892
181 925407
182 927911
183 930412
184 932894
185 935359
186 937814
187 940250
188 942665
189 945063
190 947452
191 949826
192 952183
193 954530
194 956860
195 959174
196 961467
197 963744
198 966001
199 968238
200 970462
201 972670
202 974863
203 977048
204 979217
205 981373
206 983521
207 985661
208 987788
209 989897
210 991996
211 994085
212 996156
213 998207
214 1000247
215 1002275
216 1004290
217 1006296
218 1008287
219 1010268
220 1012241
221 1014201
222 1016146
223 1018077
224 1020000
225 1021912
226 1023814
227 1025710
228 1027598
229 1029479
230 1031348
231 1033205
232 1035056
233 1036896
234 1038727
235 1040549
236 1042362
237 1044170
238 1045970
239 1047759
240 1049534
241 1051303
242 1053063
243 1054811
244 1056545
245 1058266
246 1059982
247 1061680
248 1063370
249 1065049
250 1066720
251 1068381
252 1070034
253 1071676
254 1073307
255 1074930
256 1076551
257 1078169
258 1079781
259 1081382
260 1082978
261 1084567
262 1086146
263 1087717
264 1089280
265 1090834
266 1092378
267 1093911
268 1095438
269 1096959
270 1098473
271 1099977
272 1101473
273 1102959
274 1104440
275 1105917
276 1107385
277 1108848
278 1110300
279 1111743
280 1113175
281 1114598
282 1116010
283 1117416
284 1118815
285 1120204
286 1121587
287 1122959
288 1124323
289 1125675
290 1127021
291 1128361
292 1129693
293 1131016
294 1132335
295 1133640
296 1134939
297 1136234
298 1137525
299 1138809
300 1140082
301 1141346
302 1142603
303 1143855
304 1145102
305 1146347
306 1147583
307 1148813
308 1150039
309 1151258
310 1152468
311 1153668
312 1154864
313 1156052
314 1157236
315 1158418
316 1159593
317 1160767
318 1161935
319 1163097
320 1164256
321 1165410
322 1166560
323 1167700
324 1168836
325 1169967
326 1171090
327 1172209
328 1173321
329 1174427
330 1175523
331 1176613
332 1177699
333 1178779
334 1179855
335 1180925
336 1181987
337 1183045
338 1184099
339 1185149
340 1186198
341 1187241
342 1188280
343 1189311
344 1190339
345 1191359
346 1192375
347 1193384
348 1194384
349 1195381
350 1196370
351 1197352
352 1198327
353 1199300
354 1200270
355 1201233
356 1202192
357 1203148
358 1204102
359 1205054
360 1206003
361 1206949
362 1207892
363 1208830
364 1209762
365 1210693
366 1211619
367 1212541
368 1213460
369 1214374
370 1215288
371 1216200
372 1217108
373 1218012
374 1218908
375 1219795
376 1220677
377 1221555
378 1222426
379 1223295
380 1224158
381 1225017
382 1225872
383 1226724
384 1227572
385 1228418
386 1229261
387 1230099
388 1230935
389 1231767
390 1232598
391 1233425
392 1234246
393 1235066
394 1235883
395 1236697
396 1237508
397 1238313
398 1239113
399 1239911
400 1240707
401 1241501
402 1242291
403 1243078
404 1243862
405 1244642
406 1245422
407 1246198
408 1246970
409 1247739
410 1248505
411 1249268
412 1250026
413 1250777
414 1251522
415 1252264
416 1253004
417 1253741
418 1254475
419 1255206
420 1255933
421 1256659
422 1257383
423 1258106
424 1258826
425 1259541
426 1260252
427 1260960
428 1261664
429 1262363
430 1263060
431 1263755
432 1264445
433 1265134
434 1265818
435 1266502
436 1267181
437 1267859
438 1268531
439 1269202
440 1269870
441 1270538
442 1271203
443 1271862
444 1272519
445 1273173
446 1273824
447 1274473
448 1275119
449 1275762
450 1276401
451 1277038
452 1277669
453 1278295
454 1278916
455 1279535
456 1280152
457 1280764
458 1281373
459 1281981
460 1282582
461 1283181
462 1283778
463 1284373
464 1284966
465 1285555
466 1286141
467 1286725
468 1287308
469 1287890
470 1288472
471 1289049
472 1289624
473 1290196
474 1290762
475 1291327
476 1291890
477 1292449
478 1293008
479 1293563
480 1294115
481 1294667
482 1295214
483 1295759
484 1296300
485 1296839
486 1297378
487 1297917
488 1298452
489 1298987
490 1299519
491 1300049
492 1300577
493 1301101
494 1301623
495 1302142
496 1302660
497 1303177
498 1303693
499 1304206
500 1304716
501 1305224
502 1305730
503 1306235
504 1306735
505 1307235
506 1307733
507 1308228
508 1308723
509 1309216
510 1309705
511 1310192
512 1310678
513 1311162
514 1311644
515 1312125
516 1312606
517 1313084
518 1313562
519 1314035
520 1314507
521 1314975
522 1315443
523 1315906
524 1316369
525 1316831
526 1317292
527 1317751
528 1318210
529 1318667
530 1319124
531 1319577
532 1320030
533 1320483
534 1320933
535 1321382
536 1321831
537 1322279
538 1322726
539 1323170
540 1323612
541 1324053
542 1324491
543 1324928
544 1325365
545 1325800
546 1326233
547 1326663
548 1327092
549 1327519
550 1327945
551 1328368
552 1328789
553 1329207
554 1329622
555 1330034
556 1330444
557 1330851
558 1331257
559 1331662
560 1332065
561 1332467
562 1332868
563 1333269
564 1333669
565 1334066
566 1334462
567 1334856
568 1335249
569 1335642
570 1336035
571 1336428
572 1336820
573 1337209
574 1337598
575 1337987
576 1338376
577 1338763
578 1339150
579 1339535
580 1339920
581 1340303
582 1340685
583 1341065
584 1341444
585 1341823
586 1342200
587 1342575
588 1342950
589 1343321
590 1343691
591 1344061
592 1344427
593 1344792
594 1345157
595 1345519
596 1345879
597 1346238
598 1346597
599 1346955
600 1347310
601 1347664
602 1348017
603 1348368
604 1348717
605 1349065
606 1349411
607 1349757
608 1350102
609 1350447
610 1350788
611 1351129
612 1351469
613 1351808
614 1352145
615 1352481
616 1352816
617 1353151
618 1353483
619 1353814
620 1354144
621 1354472
622 1354795
623 1355118
624 1355440
625 1355762
626 1356083
627 1356403
628 1356722
629 1357039
630 1357355
631 1357670
632 1357985
633 1358298
634 1358609
635 1358920
636 1359229
637 1359538
638 1359847
639 1360154
640 1360461
641 1360767
642 1361072
643 1361376
644 1361678
645 1361978
646 1362278
647 1362578
648 1362878
649 1363177
650 1363476
651 1363775
652 1364073
653 1364371
654 1364668
655 1364965
656 1365260
657 1365553
658 1365845
659 1366137
660 1366429
661 1366718
662 1367007
663 1367294
664 1367581
665 1367868
666 1368155
667 1368441
668 1368724
669 1369007
670 1369290
671 1369572
672 1369852
673 1370131
674 1370409
675 1370684
676 1370958
677 1371231
678 1371501
679 1371771
680 1372040
681 1372309
682 1372578
683 1372846
684 1373112
685 1373377
686 1373641
687 1373904
688 1374166
689 1374426
690 1374686
691 1374944
692 1375202
693 1375459
694 1375716
695 1375973
696 1376230
697 1376486
698 1376742
699 1376997
700 1377252
